SQUARE 13 13 169
32.0 45.333 58.864 71.964 51.536 0.0 1.986 0.0 1.508 34.899 0.0 0.0 0.0
45.333 1779.0 1633.676 1582.898 1152.785 4.398 140.643 47.315 19.185 520.418 78.682 118.4 38.657
58.864 1633.676 3342.0 2574.034 2106.698 27.125 258.713 106.119 37.175 891.616 134.804 202.851 66.23
71.964 1582.898 2574.034 4046.0 3187.239 0.0 195.356 97.302 37.911 0.0 0.0 0.0 0.0
51.536 1152.785 2106.698 3187.239 8300.0 0.0 159.887 46.454 28.578 562.048 84.976 127.871 0.0
0.0 4.398 27.125 0.0 0.0 27.18 0.0 3.722 0.0 0.0 0.0 0.0 7.167
1.986 140.643 258.713 195.356 159.887 0.0 77.0 11.186 2.753 0.0 28.647 0.0 2.011
0.0 47.315 106.119 97.302 46.454 3.722 11.186 26.0 0.8 110.1 4.756 32.206 2.337
1.508 19.185 37.175 37.911 28.578 0.0 2.753 0.8 2.46 19.352 0.0 0.0 0.0
34.899 520.418 891.616 0.0 562.048 0.0 0.0 110.1 19.352 3806.0 230.173 363.678 84.814
0.0 78.682 134.804 0.0 84.976 0.0 28.647 4.756 0.0 230.173 87.0 19.637 2.137
0.0 118.4 202.851 0.0 127.871 0.0 0.0 32.206 0.0 363.678 19.637 197.0 12.864
0.0 38.657 66.23 0.0 0.0 7.167 2.011 2.337 0.0 84.814 2.137 12.864 42.0
